-6.484671966706447 -39.88862807704833 87.26
-0.484671966706447 -0.88862807704833 87.26
-0.484671966706447 -100.88862807704833 87.26
-100.484671966706447 -0.88862807704833 87.26
-100.484671966706447 -100.88862807704833 87.26
-1.2088095953255547 -41.80712168600328 84.76
-12.240158190031039 -36.051640859138445 84.76
19.894639890197954 -27.658231319960535 84.76
-12.00034626405919 -20.463880286379492 87.26
-7.923543522537589 -13.029717551679063 84.76
7.184607813689474 -10.391788839366003 84.76
15.338213296732652 -14.22877605727591 84.76
-0.009749965466282262 -9.912165437127271 87.26
20.374263742141693 -22.382373895334435 87.26
11.021598629239204 -39.88862807704833 84.76
-15.117901301693347 -26.21936111324434 84.76
-11.280910486143618 -16.147269666230855 84.76
-14.158653597805905 -29.81653663003486 87.26
15.817837148676354 -36.531264261377174 87.26
5.745736257858331 -42.28674508824203 87.26
